{
 "cells": [
  {
   "cell_type": "code",
   "execution_count": 1,
   "metadata": {
    "collapsed": true
   },
   "outputs": [],
   "source": [
    "# import packages\n",
    "import matplotlib.pyplot as plt\n",
    "from scipy.stats import norm\n",
    "import scipy.integrate as integrate\n",
    "import numpy as np"
   ]
  },
  {
   "cell_type": "code",
   "execution_count": 6,
   "metadata": {
    "collapsed": true
   },
   "outputs": [],
   "source": [
    "alpha_k = 0.297\n",
    "alpha_l = 0.650\n",
    "delta = 0.154\n",
    "psi = 1.080\n",
    "w = 0.700\n",
    "r = 0.040\n",
    "sigma_z = 0.213\n",
    "mu = 0.000\n",
    "rho = 0.7605\n",
    "sigma_eps = sigma_z * ((1 - rho ** 2) ** (1 / 2))\n",
    "sizez = 9\n",
    "betafirm = 1 / (1 + r)"
   ]
  },
  {
   "cell_type": "code",
   "execution_count": 7,
   "metadata": {},
   "outputs": [
    {
     "name": "stdout",
     "output_type": "stream",
     "text": [
      "Cut-off values =  [       -inf -0.25999639 -0.16288316 -0.09174491 -0.02975829  0.02975829\n",
      "  0.09174491  0.16288316  0.25999639         inf]\n"
     ]
    }
   ],
   "source": [
    "# Compute cut-off values\n",
    "z_cutoffs = (sigma_z * norm.ppf(np.arange(sizez + 1) / sizez)) + mu\n",
    "print('Cut-off values = ', z_cutoffs)"
   ]
  },
  {
   "cell_type": "code",
   "execution_count": 8,
   "metadata": {},
   "outputs": [
    {
     "name": "stdout",
     "output_type": "stream",
     "text": [
      "Grid points =  [-0.36307041 -0.20781458 -0.12613578 -0.0603241   0.          0.0603241\n",
      "  0.12613578  0.20781458  0.36307041]\n"
     ]
    }
   ],
   "source": [
    "# compute grid points for z\n",
    "z_grid = ((sizez * sigma_z * (norm.pdf((z_cutoffs[:-1] - mu) / sigma_z)\n",
    "                              - norm.pdf((z_cutoffs[1:] - mu) / sigma_z)))\n",
    "              + mu)\n",
    "print('Grid points = ', z_grid)"
   ]
  },
  {
   "cell_type": "code",
   "execution_count": 9,
   "metadata": {},
   "outputs": [
    {
     "name": "stdout",
     "output_type": "stream",
     "text": [
      "Transition matrix =  [[  5.34646999e-01   2.33099908e-01   1.19241334e-01   6.16948412e-02\n",
      "    3.06368282e-02   1.38694209e-02   5.27307457e-03   1.39972319e-03\n",
      "    1.37871226e-04]\n",
      " [  2.33099908e-01   2.53066831e-01   1.95990939e-01   1.38221479e-01\n",
      "    8.98690322e-02   5.26608516e-02   2.62024217e-02   9.48881413e-03\n",
      "    1.39972319e-03]\n",
      " [  1.19241334e-01   1.95990939e-01   1.96744233e-01   1.70765394e-01\n",
      "    1.33994761e-01   9.44950201e-02   5.72928238e-02   2.62024217e-02\n",
      "    5.27307457e-03]\n",
      " [  6.16948412e-02   1.38221479e-01   1.70765394e-01   1.75481409e-01\n",
      "    1.60693238e-01   1.32118347e-01   9.44950201e-02   5.26608516e-02\n",
      "    1.38694209e-02]\n",
      " [  3.06368282e-02   8.98690322e-02   1.33994761e-01   1.60693238e-01\n",
      "    1.69612281e-01   1.60693238e-01   1.33994761e-01   8.98690322e-02\n",
      "    3.06368282e-02]\n",
      " [  1.38694209e-02   5.26608516e-02   9.44950201e-02   1.32118347e-01\n",
      "    1.60693238e-01   1.75481409e-01   1.70765394e-01   1.38221479e-01\n",
      "    6.16948412e-02]\n",
      " [  5.27307457e-03   2.62024217e-02   5.72928238e-02   9.44950201e-02\n",
      "    1.33994761e-01   1.70765394e-01   1.96744233e-01   1.95990939e-01\n",
      "    1.19241334e-01]\n",
      " [  1.39972319e-03   9.48881413e-03   2.62024217e-02   5.26608516e-02\n",
      "    8.98690322e-02   1.38221479e-01   1.95990939e-01   2.53066831e-01\n",
      "    2.33099908e-01]\n",
      " [  1.37871226e-04   1.39972319e-03   5.27307457e-03   1.38694209e-02\n",
      "    3.06368282e-02   6.16948412e-02   1.19241334e-01   2.33099908e-01\n",
      "    5.34646999e-01]]\n",
      "pi sums =  [ 1.  1.  1.  1.  1.  1.  1.  1.  1.] [ 1.  1.  1.  1.  1.  1.  1.  1.  1.]\n"
     ]
    }
   ],
   "source": [
    "# define function that we will integrate\n",
    "def integrand(x, sigma_z, sigma_eps, rho, mu, z_j, z_jp1):\n",
    "    val = (np.exp((-1 * ((x - mu) ** 2)) / (2 * (sigma_z ** 2)))\n",
    "            * (norm.cdf((z_jp1 - (mu * (1 - rho)) - (rho * x)) / sigma_eps)\n",
    "               - norm.cdf((z_j - (mu * (1 - rho)) - (rho * x)) / sigma_eps)))\n",
    "    \n",
    "    return val\n",
    "\n",
    "# compute transition probabilities\n",
    "pi = np.empty((sizez, sizez))\n",
    "for i in range(sizez):\n",
    "    for j in range(sizez):\n",
    "        results = integrate.quad(integrand, z_cutoffs[i], z_cutoffs[i + 1],\n",
    "                                 args = (sigma_z, sigma_eps, rho, mu,\n",
    "                                         z_cutoffs[j], z_cutoffs[j + 1]))\n",
    "        pi[i,j] = (sizez / np.sqrt(2 * np.pi * sigma_z ** 2)) * results[0]\n",
    "        \n",
    "print('Transition matrix = ', pi)\n",
    "print('pi sums = ', pi.sum(axis=0), pi.sum(axis=1))"
   ]
  },
  {
   "cell_type": "code",
   "execution_count": 31,
   "metadata": {},
   "outputs": [],
   "source": [
    "dens = 1\n",
    "# put in bounds here for the capital stock space\n",
    "kstar = (((alpha_k / (1 / betafirm - 1 + delta))**(1 - alpha_l)) * ((alpha_l / w) ** alpha_l)) ** (1 - alpha_k - alpha_l)\n",
    "kbar = 2*kstar\n",
    "lb_k = 0.001\n",
    "ub_k = kbar\n",
    "krat = np.log(lb_k / ub_k)\n",
    "numb = np.ceil(krat / np.log(1 - delta))\n",
    "K = np.zeros(int(numb * dens))\n",
    "# we'll create in a way where we pin down the upper bound - since\n",
    "# the distance will be small near the lower bound, we'll miss that by little\n",
    "for j in range(int(numb * dens)):\n",
    "    K[j] = ub_k * (1 - delta) ** (j / dens)\n",
    "k_grid = K[::-1]\n",
    "sizek = k_grid.shape[0]"
   ]
  },
  {
   "cell_type": "code",
   "execution_count": 32,
   "metadata": {},
   "outputs": [
    {
     "data": {
      "image/png": "iVBORw0KGgoAAAANSUhEUgAAAX4AAAD8CAYAAABw1c+bAAAABHNCSVQICAgIfAhkiAAAAAlwSFlz\nAAALEgAACxIB0t1+/AAAGFhJREFUeJzt3X+MHGd9x/H3h+MijhBxBR+BnH3YlSy3oSFxenJoEoFT\nKdhJiRxSpNqloCKQFUQqqCqrNn8kFVWVSJZaQARci1pRJHCEFNu1ipODKLQBooDPsYnthENXE+rb\nRPKR4ISQU2O73/6xc8l6vbM7uzf76+bzkk7efZ6Z3e+uxp+be/bZZxQRmJlZcbyp2wWYmVlnOfjN\nzArGwW9mVjAOfjOzgnHwm5kVjIPfzKxgHPxmZgXj4DczKxgHv5lZwby52wXUsmTJkli+fHm3yzAz\n6xuHDh36dUSMZNm2J4N/+fLlTE5OdrsMM7O+IelXWbf1UI+ZWcE4+M3MCsbBb2ZWMA5+M7OCcfCb\nmRWMg9/MrGAc/GZmBdMw+CUtk/QDSU9LOi7p8zW2kaSvSpqW9JSkqyv61kuaSvq25v0CzMz62b7D\nJa6751FWbP0u193zKPsOl9r+nFm+wHUW+LuIeFLSJcAhSd+PiKcrtrkJWJn8XAN8A7hG0gBwL3Aj\nMAMclLS/al8zs0Lad7jEtj1HmTtzDoDS6Tm27TkKwK2rR9v2vA3P+CPi+Yh4Mrn9W+AZoLqiDcD9\nUfYEMCzpPcAaYDoiTkTEa8ADybZmZoW3fWLq9dCfN3fmHNsnptr6vE2N8UtaDqwGflLVNQqcrLg/\nk7SltZuZFd5zp+eaas9L5uCX9DbgQeALEfFy3oVI2ixpUtLk7Oxs3g9vZtZzLhseaqo9L5mCX9Ig\n5dD/VkTsqbFJCVhWcX9p0pbWfoGI2BkR4xExPjKSaYE5M7O+tmXdKoYGB85rGxocYMu6VW193iyz\negT8G/BMRPxzymb7gU8ms3s+ALwUEc8DB4GVklZIugjYmGxrZlZ4t64e5e7brmB0eAgBo8ND3H3b\nFW39YBeyzeq5DvgEcFTSkaTti8AYQETsAA4ANwPTwKvAp5K+s5LuACaAAWBXRBzP9RWYmfWxW1eP\ntj3oqzUM/oj4EaAG2wTwuZS+A5R/MZiZWQ/wN3fNzArGwW9mVjAOfjOzgnHwm5kVjIPfzKxgHPxm\nZgXj4DczKxgHv5lZwTj4zcwKxsFvZlYwDn4zs4Jx8JuZFYyD38ysYBz8ZmYF4+A3MyuYhuvxS9oF\nfAQ4FRF/VKN/C/Dxisf7Q2AkIl6U9CzwW+AccDYixvMq3MzMWpPljP8+YH1aZ0Rsj4irIuIqYBvw\nXxHxYsUmNyT9Dn0zsx7QMPgj4jHgxUbbJTYBuxdUkZmZtVVuY/yS3kr5L4MHK5oDeETSIUmb83ou\nMzNrXZaLrWd1C/DjqmGe6yOiJOldwPcl/Tz5C+ICyS+GzQBjY2M5lmVmZpXynNWzkaphnogoJf+e\nAvYCa9J2joidETEeEeMjIyM5lmVmZpVyOeOX9HbgQ8BfVbRdDLwpIn6b3P4w8KU8ns/MrJ/sO1xi\n+8QUz52e47LhIbasW8Wtq0e7Vk+W6Zy7gbXAEkkzwF3AIEBE7Eg2+yjwvYj4XcWulwJ7Jc0/z7cj\n4uH8Sjcz6337DpfYtucoc2fOAVA6Pce2PUcBuhb+DYM/IjZl2OY+ytM+K9tOAFe2WpiZ2WKwfWLq\n9dCfN3fmHNsnproW/P7mrplZGz13eq6p9k5w8JuZtdFlw0NNtXeCg9/MrI22rFvF0ODAeW1DgwNs\nWbeqSxXlO4/fzMyqzI/j99WsHjMzW5hbV492NeireajHzKxgHPxmZgXj4DczKxgHv5lZwTj4zcwK\nxsFvZlYwDn4zs4Jx8JuZFYyD38ysYBz8ZmYF0zD4Je2SdErSsZT+tZJeknQk+bmzom+9pClJ05K2\n5lm4mZm1JssZ/33A+gbb/DAirkp+vgQgaQC4F7gJuBzYJOnyhRRrZmYL1zD4I+Ix4MUWHnsNMB0R\nJyLiNeABYEMLj2NmZjnKa4z/WklPSXpI0vuStlHgZMU2M0mbmZl1UR7LMj8JjEXEK5JuBvYBK5t9\nEEmbgc0AY2NjOZRlZma1LPiMPyJejohXktsHgEFJS4ASsKxi06VJW9rj7IyI8YgYHxkZWWhZZmaW\nYsHBL+ndkpTcXpM85gvAQWClpBWSLgI2AvsX+nxmZrYwDYd6JO0G1gJLJM0AdwGDABGxA/gY8FlJ\nZ4E5YGNEBHBW0h3ABDAA7IqI4215FWZmXbbvcKmnLq9Yj8oZ3VvGx8djcnKy22WYmWWy73CJbXuO\nMnfm3OttQ4MD3H3bFR0Lf0mHImI8y7b+5q6Z2QJtn5g6L/QB5s6cY/vEVJcqqs/Bb2a2QM+dnmuq\nvdsc/GZmC3TZ8FBT7d3m4DczW6At61YxNDhwXtvQ4ABb1q3qUkX15fEFLjOzQpv/ALdfZvU4+M3M\ncnDr6tGeDfpqHuoxMysYB7+ZWcE4+M3MCsbBb2ZWMA5+M7OCcfCbmRWMg9/MrGAc/GZmBePgNzMr\nGAe/mVnBNAx+SbsknZJ0LKX/45KeknRU0uOSrqzoezZpPyLJV1YxM+sBWc747wPW1+n/JfChiLgC\n+EdgZ1X/DRFxVdYrw5iZWXs1XKQtIh6TtLxO/+MVd58Ali68LDMza5e8x/g/DTxUcT+ARyQdkrS5\n3o6SNkualDQ5Ozubc1lmZjYvt2WZJd1AOfivr2i+PiJKkt4FfF/SzyPisVr7R8ROkmGi8fHx3rsC\nvJkZ5Qur98u6+2lyOeOX9H7gm8CGiHhhvj0iSsm/p4C9wJo8ns/MrBv2HS6xbc9RSqfnCKB0eo5t\ne46y73Cp26U1ZcHBL2kM2AN8IiJ+UdF+saRL5m8DHwZqzgwyM+sH2yemmDtz7ry2uTPn2D4x1aWK\nWtNwqEfSbmAtsETSDHAXMAgQETuAO4F3Al+XBHA2mcFzKbA3aXsz8O2IeLgNr8HMrCOeOz3XVHuv\nyjKrZ1OD/s8An6nRfgK48sI9zMz602XDQ5RqhPxlw0NdqKZ1/uaumVlGW9atYmhw4Ly2ocEBtqxb\n1aWKWuOLrZuZZTQ/e6ffZ/U4+M3MmnDr6tG+C/pqHuoxMysYB7+ZWcE4+M3MCsbBb2ZWMA5+M7OC\ncfCbmRWMg9/MrGAc/GZmBePgNzMrGAe/mVnBeMkGM7Mqi+EqW/U4+M3MKsxfZWv+givzV9kCFk34\nNxzqkbRL0ilJNa+epbKvSpqW9JSkqyv61kuaSvq25lm4mVk7LJarbNWTZYz/PmB9nf6bgJXJz2bg\nGwCSBoB7k/7LgU2SLl9IsWZm7bZYrrJVT8Pgj4jHgBfrbLIBuD/KngCGJb2H8oXVpyPiRES8BjyQ\nbGtm1rPSrqbVb1fZqiePWT2jwMmK+zNJW1q7mVnPWixX2aqnZz7clbSZ8lARY2NjXa7GzIpqsVxl\nq548gr8ELKu4vzRpG0xprykidgI7AcbHxyOHuszMWrIYrrJVTx5DPfuBTyazez4AvBQRzwMHgZWS\nVki6CNiYbGtmZl3U8Ixf0m5gLbBE0gxwF+WzeSJiB3AAuBmYBl4FPpX0nZV0BzABDAC7IuJ4G16D\nmZk1oWHwR8SmBv0BfC6l7wDlXwxmZtYjvFaPmVnBOPjNzArGwW9mVjAOfjOzgumZL3CZmXXSYl96\nuR4Hv5kVThGWXq7HQz1mVjhFWHq5Hge/mRVOEZZersfBb2aFU4Sll+tx8JtZ4RRh6eV6/OGumRVO\nEZZersfBb2aFtNiXXq7HQz1mZgXj4DczKxgHv5lZwWQKfknrJU1Jmpa0tUb/FklHkp9jks5JekfS\n96yko0nfZN4vwMzMmpPlClwDwL3AjcAMcFDS/oh4en6biNgObE+2vwX424h4seJhboiIX+dauZmZ\ntSTLrJ41wHREnACQ9ACwAXg6ZftNwO58yjMzW5giL8aWJstQzyhwsuL+TNJ2AUlvBdYDD1Y0B/CI\npEOSNrdaqJlZs+YXYyudniN4YzG2fYdL3S6tq/L+cPcW4MdVwzzXR8RVwE3A5yR9sNaOkjZLmpQ0\nOTs7m3NZZlZERV+MLU2W4C8ByyruL03aatlI1TBPRJSSf08BeykPHV0gInZGxHhEjI+MjGQoy8ys\nvqIvxpYmS/AfBFZKWiHpIsrhvr96I0lvBz4E/HtF28WSLpm/DXwYOJZH4WZmjRR9MbY0DYM/Is4C\ndwATwDPAdyLiuKTbJd1eselHge9FxO8q2i4FfiTpZ8BPge9GxMP5lW9mlq7oi7GlUUR0u4YLjI+P\nx+Skp/yb2cIVZVaPpEMRMZ5lWy/SZmaLWpEXY0vjJRvMzArGwW9mVjAOfjOzgvEYv5n1vaJ8gJsX\nB7+Z9bX5ZRnmv6E7vywD4PBP4aEeM+trXpaheQ5+M+trXpaheQ5+M+trXpaheQ5+M+trXpahef5w\n18z62vwHuJ7Vk52D38z6npdlaI6HeszMCsZn/GbWF/wlrfw4+M2s5/lLWvnyUI+Z9Tx/SStfmYJf\n0npJU5KmJW2t0b9W0kuSjiQ/d2bd18ysEX9JK18Nh3okDQD3AjcCM8BBSfsj4umqTX8YER9pcV8z\ns1SXDQ9RqhHy/pJWa7Kc8a8BpiPiRES8BjwAbMj4+AvZ18wM8Je08pYl+EeBkxX3Z5K2atdKekrS\nQ5Le1+S+SNosaVLS5OzsbIayzKwobl09yt23XcHo8BACRoeHuPu2K/zBbovymtXzJDAWEa9IuhnY\nB6xs5gEiYiewE8oXW8+pLjNbJPwlrfxkCf4SsKzi/tKk7XUR8XLF7QOSvi5pSZZ9zczmea5+Z2QZ\n6jkIrJS0QtJFwEZgf+UGkt4tScntNcnjvpBlXzMzeGOufun0HMEbc/X3Hfa5Yt4aBn9EnAXuACaA\nZ4DvRMRxSbdLuj3Z7GPAMUk/A74KbIyymvu244WYWX/zXP3OyTTGHxEHgANVbTsqbn8N+FrWfc3M\nqnmufuf4m7tm1hN8QZXOcfCbWU/wXP3O8SJtZtYTfEGVznHwm1nHpU3b9Fz9znDwm1lHeYnl7vMY\nv5l1lKdtdp+D38w6ytM2u8/Bb2Yd5Wmb3efgN7OO8rTN7vOHu2bWFvVm7oCnbXaTg9/Mctdo5o6n\nbXaXh3rMLHeeudPbHPxmljvP3OltHuoxs5aljeP74ui9zWf8ZtaSehdO8cyd3pYp+CWtlzQlaVrS\n1hr9H08utH5U0uOSrqzoezZpPyJpMs/izax76o3j++Lova3hUI+kAeBe4EZgBjgoaX9EPF2x2S+B\nD0XEbyTdRPmi6ddU9N8QEb/OsW4z67JG4/ieudO7sozxrwGmI+IEgKQHgA3A68EfEY9XbP8E5Yuq\nm9kiUWss3+P4/SvLUM8ocLLi/kzSlubTwEMV9wN4RNIhSZvTdpK0WdKkpMnZ2dkMZZlZJ6SN5d/w\nByMex+9TuX64K+kGysH/9xXN10fEVcBNwOckfbDWvhGxMyLGI2J8ZGQkz7LMbAHSxvJ/8PNZj+P3\nqSxDPSVgWcX9pUnbeSS9H/gmcFNEvDDfHhGl5N9TkvZSHjp6bCFFm1nn1BvL9zh+f8pyxn8QWClp\nhaSLgI3A/soNJI0Be4BPRMQvKtovlnTJ/G3gw8CxvIo3s/zsO1ziunseZcXW73LdPY+y73D5/M6r\naS4+Dc/4I+KspDuACWAA2BURxyXdnvTvAO4E3gl8XRLA2YgYBy4F9iZtbwa+HREPt+WVmFnL6q2t\ns2XdqvP6wGP5/U4R0e0aLjA+Ph6Tk57yb9Yp193zaM0ZOqPDQ/x465+mfkPXeoekQ8kJd0NessGs\nQNIC3HPyi8XBb1YQ9YZzPCe/WBz8ZotQrTP7eksseBy/WBz8ZotM2pl9dejPm5+WCb4qVlE4+M36\nVNp4fdqZ/YDEuRqTOeaHczyOXxwOfrM+VG+8Pu2D2nMRDA0OeDjHvB6/WS9L+1JVvfH6tA9k55dU\n8BIL5jN+sx7Vyln9c6fn+Je/uCr1g1oP5xg4+M26rtmx+vmz+rTpl/6g1hpx8Jt1SK2AB3I/qwd/\nUGv1OfjNcpR29p42bPOWwTf5rN46zsFv1qRmwx3SP4ytN7feZ/XWLg5+K7R6i481OzRTb0w+bdgm\njc/qrZ28OqctGvXOxLOcoUP5jPru264AqNn3lsE38ZtXz1zw3KPDQzyXXJqwmkhfC2d4aJD/Pft/\nNWtwwFszmlmd08FvbdVsGNfbp9Hj1QrqP//jUR48VKoZrNsnplKXIgZq9qWpF+6jSZ31fsn4rN4W\nKvfgl7Qe+ArlC7F8MyLuqepX0n8z8Crw1xHxZJZ9a+mH4G81nPIOuzwfL+/naiWMofaZdqO+tBBP\nW6ag0Rk6ULMvTaNwb/Qemi1UrsEvaQD4BXAjMEP5UoybIuLpim1uBv6GcvBfA3wlIq7Jsm8trQZ/\np8KulSGCvMOuHeGZ93O1EsZQ+0y7UV9aiKdpdIae9lyNhmYc7tYteQf/nwD/EBHrkvvbACLi7opt\n/hX4z4jYndyfAtYCyxvtW0srwd9KGLcadq0MEeQddu0Iz7yfq5Uwhtpn2o360kK8Xu2Nhl88NGP9\nJO8rcI0CJyvuz1A+q2+0zWjGfXNRb0bF/O1m+nb/5OQFgdFohka9mRu1wqfRPp18vHY8V7NhfFmd\nXySN+tJCPO0XeGVY1wvxtD4HvfWznpnOKWkzsBlgbGys6f1bCeNWw67R1Yo6EXbtCM+8n6uVMIba\nZ9qN+uqF+Ph731E3wNNC3PPkbbHKEvwlYFnF/aVJW5ZtBjPsC0BE7AR2QnmoJ0Nd52kljFsNu0ZX\nK+pE2LUjPPN+rlbDOG2fRn1pQe0ANztfluA/CKyUtIJyaG8E/rJqm/3AHZIeoDyU81JEPC9pNsO+\nuWgljFsNu1aHCPIOu3aEZ97P1UoY+yzcrL2yTue8Gfgy5SmZuyLinyTdDhARO5LpnF8D1lOezvmp\niJhM27fR8/X6rB4zs17jL3CZmRVMM8HvK3CZmRWMg9/MrGAc/GZmBePgNzMrGAe/mVnBOPjNzAqm\nJ6dzJl/8+tUCHmIJ8OucyslTL9bVizVBb9bVizVBb9bVizVBb9aVV03vjYiRLBv2ZPAvlKTJrPNZ\nO6kX6+rFmqA36+rFmqA36+rFmqA36+pGTR7qMTMrGAe/mVnBLNbg39ntAlL0Yl29WBP0Zl29WBP0\nZl29WBP0Zl0dr2lRjvGbmVm6xXrGb2ZmKfoq+CWtlzQlaVrS1hr9kvTVpP8pSVdn3bfNdX08qeeo\npMclXVnR92zSfkRSbkuSZqhpraSXkuc9IunOrPu2ua4tFTUdk3RO0juSvna9V7sknZJ0LKW/W8dV\no7q6cVw1qqlbx1WjurpxXC2T9ANJT0s6LunzNbbpyrFFRPTFD+X1/P8b+H3gIuBnwOVV29wMPET5\n+tsfAH6Sdd8213Ut8HvJ7Zvm60ruPwss6cJ7tRb4j1b2bWddVdvfAjzazvcqedwPAlcDx1L6O35c\nZayro8dVxpo6flxlqatLx9V7gKuT25cAv+iFzIqIvjrjXwNMR8SJiHgNeADYULXNBuD+KHsCGJb0\nnoz7tq2uiHg8In6T3H2C8iUo22khr7er71WVTcDunJ47VUQ8BrxYZ5NuHFcN6+rCcZXlvUrT1feq\nSqeOq+cj4snk9m+BZ4DqKzl15djqp+AfBU5W3J/hwjcxbZss+7azrkqfpvwbfl4Aj0g6pPIF5ztZ\n07XJn5cPSXpfk/u2sy4kvZXyFd0erGhux3uVRTeOq2Z14rjKqtPHVWbdOq4kLQdWAz+p6urKsZXl\nmruWE0k3UP4Pen1F8/URUZL0LuD7kn6enL2025PAWES8ovLlMfcBKzvwvFndAvw4IirP4rr1XvU0\nH1dN6fhxJeltlH/RfCEiXs7rcRein874S8CyivtLk7Ys22TZt511Ien9wDeBDRHxwnx7RJSSf08B\neyn/idf2miLi5Yh4Jbl9ABiUtCTr62lXXRU2UvXneJveqyy6cVxl0uHjqqEuHVfN6OhxJWmQcuh/\nKyL21NikO8dW3h9otOuH8l8nJ4AVvPFhx/uqtvkzzv+g5KdZ921zXWPANHBtVfvFwCUVtx8H1neo\npnfzxvc41gD/k7xvXX2vku3eTnm89uJ2v1cVj7+c9A8sO35cZayro8dVxpo6flxlqasbx1Xyuu8H\nvlxnm64cW30z1BMRZyXdAUxQ/sR7V0Qcl3R70r8DOED5U/Jp4FXgU/X27WBddwLvBL4uCeBslBdl\nuhTYm7S9Gfh2RDzcoZo+BnxW0llgDtgY5SOu2+8VwEeB70XE7yp2b8t7BSBpN+XZKEskzQB3AYMV\nNXX8uMpYV0ePq4w1dfy4ylgXdPi4Aq4DPgEclXQkafsi5V/Y3T22kt8uZmZWEP00xm9mZjlw8JuZ\nFYyD38ysYBz8ZmYF4+A3MysYB7+ZWcE4+M3MCsbBb2ZWMP8PGKqup/2k4hAAAAAASUVORK5CYII=\n",
      "text/plain": [
       "<matplotlib.figure.Figure at 0x1107b7208>"
      ]
     },
     "metadata": {},
     "output_type": "display_data"
    }
   ],
   "source": [
    "k_linear = np.linspace(lb_k, ub_k, num=sizek)\n",
    "plt.scatter(k_linear, k_grid)\n",
    "plt.show()"
   ]
  },
  {
   "cell_type": "code",
   "execution_count": 33,
   "metadata": {},
   "outputs": [
    {
     "name": "stderr",
     "output_type": "stream",
     "text": [
      "/anaconda/lib/python3.6/site-packages/ipykernel_launcher.py:1: RuntimeWarning: invalid value encountered in power\n",
      "  \"\"\"Entry point for launching an IPython kernel.\n"
     ]
    },
    {
     "ename": "ValueError",
     "evalue": "operands could not be broadcast together with shapes (9,) (46,) ",
     "output_type": "error",
     "traceback": [
      "\u001b[0;31m---------------------------------------------------------------------------\u001b[0m",
      "\u001b[0;31mValueError\u001b[0m                                Traceback (most recent call last)",
      "\u001b[0;32m<ipython-input-33-e56daf67cb12>\u001b[0m in \u001b[0;36m<module>\u001b[0;34m()\u001b[0m\n\u001b[0;32m----> 1\u001b[0;31m \u001b[0mop\u001b[0m \u001b[0;34m=\u001b[0m \u001b[0;34m(\u001b[0m\u001b[0;36m1\u001b[0m \u001b[0;34m-\u001b[0m \u001b[0malpha_l\u001b[0m\u001b[0;34m)\u001b[0m \u001b[0;34m*\u001b[0m \u001b[0;34m(\u001b[0m\u001b[0;34m(\u001b[0m\u001b[0malpha_l\u001b[0m \u001b[0;34m/\u001b[0m \u001b[0mw\u001b[0m\u001b[0;34m)\u001b[0m \u001b[0;34m**\u001b[0m \u001b[0;34m(\u001b[0m\u001b[0malpha_l\u001b[0m \u001b[0;34m/\u001b[0m \u001b[0;34m(\u001b[0m\u001b[0;36m1\u001b[0m \u001b[0;34m-\u001b[0m \u001b[0malpha_l\u001b[0m\u001b[0;34m)\u001b[0m\u001b[0;34m)\u001b[0m\u001b[0;34m)\u001b[0m \u001b[0;34m*\u001b[0m \u001b[0;34m(\u001b[0m\u001b[0mz_grid\u001b[0m \u001b[0;34m**\u001b[0m \u001b[0;34m(\u001b[0m\u001b[0;36m1\u001b[0m \u001b[0;34m/\u001b[0m \u001b[0;34m(\u001b[0m\u001b[0;36m1\u001b[0m \u001b[0;34m-\u001b[0m \u001b[0malpha_l\u001b[0m\u001b[0;34m)\u001b[0m\u001b[0;34m)\u001b[0m\u001b[0;34m)\u001b[0m \u001b[0;34m*\u001b[0m \u001b[0;34m(\u001b[0m\u001b[0mk_grid\u001b[0m \u001b[0;34m**\u001b[0m \u001b[0;34m(\u001b[0m\u001b[0malpha_k\u001b[0m \u001b[0;34m/\u001b[0m \u001b[0;34m(\u001b[0m\u001b[0;36m1\u001b[0m \u001b[0;34m-\u001b[0m \u001b[0malpha_l\u001b[0m\u001b[0;34m)\u001b[0m\u001b[0;34m)\u001b[0m\u001b[0;34m)\u001b[0m\u001b[0;34m\u001b[0m\u001b[0m\n\u001b[0m\u001b[1;32m      2\u001b[0m \u001b[0;34m\u001b[0m\u001b[0m\n\u001b[1;32m      3\u001b[0m \u001b[0mprint\u001b[0m\u001b[0;34m(\u001b[0m\u001b[0mop\u001b[0m\u001b[0;34m)\u001b[0m\u001b[0;34m\u001b[0m\u001b[0m\n\u001b[1;32m      4\u001b[0m \u001b[0;34m\u001b[0m\u001b[0m\n\u001b[1;32m      5\u001b[0m \u001b[0;31m## firm cash flow, e\u001b[0m\u001b[0;34m\u001b[0m\u001b[0;34m\u001b[0m\u001b[0m\n",
      "\u001b[0;31mValueError\u001b[0m: operands could not be broadcast together with shapes (9,) (46,) "
     ]
    }
   ],
   "source": [
    "op_grid = np.empty((sizez, sizek))\n",
    "\n",
    "for i in range(sizez):\n",
    "    op_grid(1 - alpha_l) * ((alpha_l / w) ** (alpha_l / (1 - alpha_l))) * (z ** (1 / (1 - alpha_l))) * (k_grid ** (alpha_k / (1 - alpha_l)))\n",
    "\n",
    "print(op)\n",
    "\n",
    "## firm cash flow, e\n",
    "#e = np.zeros((sizek, sizek, sizez))\n",
    "#for i in range(sizek):\n",
    "#    for j in range(sizek):\n",
    "#        for k in range(sizez):\n",
    "#            e[i, j, k] = (op[i] - k_grid[j] + ((1 - delta) * kvec[i]) -\n",
    "#                       ((psi / 2) * ((kvec[j] - ((1 - delta) * kvec[i])) ** 2)\n",
    "#                        / kvec[i]))"
   ]
  },
  {
   "cell_type": "code",
   "execution_count": null,
   "metadata": {},
   "outputs": [],
   "source": []
  },
  {
   "cell_type": "code",
   "execution_count": null,
   "metadata": {
    "collapsed": true
   },
   "outputs": [],
   "source": []
  }
 ],
 "metadata": {
  "kernelspec": {
   "display_name": "Python 3",
   "language": "python",
   "name": "python3"
  },
  "language_info": {
   "codemirror_mode": {
    "name": "ipython",
    "version": 3
   },
   "file_extension": ".py",
   "mimetype": "text/x-python",
   "name": "python",
   "nbconvert_exporter": "python",
   "pygments_lexer": "ipython3",
   "version": "3.6.1"
  }
 },
 "nbformat": 4,
 "nbformat_minor": 2
}
